196.000000
196.000000
196.000000
196.000000
196.000000
196.000000
196.000000
196.000000
196.000000
196.000000
196.000000
196.000000
196.000000
196.000000
196.000000
196.000000
196.000000
196.000000
196.000000
196.000000
196.000000
196.000000
196.000000
196.000000
196.000000
196.000000
196.000000
196.000000
196.000000
196.000000
196.000000
196.000000
196.000000
196.000000
196.000000
196.000000
196.000000
196.000000
196.000000
196.000000
196.000000
196.000000
196.000000
196.000000
196.000000
196.000000
196.000000
196.000000
196.000000
196.000000
196.000000
196.000000
196.000000
196.000000
196.000000
196.000000
196.000000
196.000000
196.000000
196.000000
196.000000
196.000000
196.000000
196.000000
196.000000
196.000000
196.000000
196.000000
196.000000
196.000000
196.000000
196.000000
196.000000
196.000000
196.000000
196.000000
196.000000
196.000000
196.000000
196.000000
196.000000
196.000000
196.000000
196.000000
196.000000
196.000000
196.000000
196.000000
196.000000
196.000000
196.000000
196.000000
196.000000
196.000000
196.000000
196.000000
196.000000
196.000000
196.000000
196.000000
196.000000
196.000000
196.000000
196.000000
196.000000
196.000000
196.000000
196.000000
196.000000
195.769226
196.000000
196.000000
196.000000
196.000000
196.000000
196.000000
196.000000
196.000000
196.000000
196.000000
196.000000
196.000000
196.000000
196.000000
196.000000
196.000000
196.000000
196.000000
196.000000
196.000000
196.000000
196.000000
196.000000
196.000000
196.000000
196.000000
196.000000
196.000000
196.000000
196.000000
196.000000
196.000000
196.000000
196.000000
196.000000
196.000000
196.000000
196.000000
196.000000
196.000000
196.000000
196.000000
196.000000
196.000000
196.000000
196.000000
196.000000
196.000000
196.000000
196.000000
196.000000
196.000000
196.000000
196.000000
196.000000
196.000000
196.000000
196.000000
196.000000
196.000000
196.000000
196.000000
196.000000
196.000000
196.000000
196.000000
196.000000
196.000000
196.000000
196.000000
196.000000
196.000000
196.000000
196.000000
196.000000
196.000000
196.000000
196.000000
196.000000
196.000000
196.000000
196.000000
196.000000
195.750000
196.000000
196.000000
196.000000
196.000000
196.000000
196.000000
196.000000
196.000000
196.000000
196.000000
196.000000
196.000000
196.000000
196.000000
196.000000
196.000000
196.000000
196.000000
196.000000
196.000000
196.000000
196.000000
196.000000
196.000000
196.000000
196.000000
196.000000
196.000000
196.000000
196.000000
196.000000
196.000000
196.000000
196.000000
196.000000
196.000000
196.000000
196.000000
196.000000
196.000000
196.000000
196.000000
196.000000
196.000000
196.000000
196.000000
196.000000
196.000000
196.000000
196.000000
196.000000
196.000000
196.000000
196.000000
196.000000
196.000000
196.000000
196.000000
196.000000
196.000000
196.000000
196.000000
196.000000
196.000000
196.000000
196.000000
196.000000
196.000000
196.000000
196.000000
196.000000
196.000000
196.000000
196.000000
196.000000
196.000000
196.000000
196.000000
196.000000
196.000000
196.000000
196.000000
196.000000
196.000000
195.769226
196.000000
196.000000
196.000000
196.000000
196.000000
196.000000
196.000000
196.000000
196.000000
196.230774
197.000000
197.000000
197.000000
197.000000
197.000000
197.000000
197.000000
197.000000
197.000000
251.800003
251.888885
252.000000
252.399994
252.555557
252.600006
252.699997
252.666672
252.699997
252.699997
252.666672
252.699997
252.500000
252.666672
252.699997
252.699997
252.666672
252.699997
252.699997
252.555557
252.600006
252.600006
252.333328
252.600006
252.699997
252.666672
252.699997
252.699997
252.777771
252.600006
252.699997
252.777771
252.600006
252.899994
252.888885
252.800003
252.699997
252.399994
252.777771
252.699997
252.699997
252.666672
252.699997
252.699997
252.666672
252.699997
252.600006
252.555557
252.699997
247.199997
197.000000
197.000000
197.000000
197.000000
197.000000
197.000000
197.000000
197.000000
197.000000
197.000000
197.000000
197.000000
197.000000
197.000000
196.769226
197.000000
197.000000
197.000000
197.000000
197.000000
197.000000
197.000000
197.000000
197.000000
197.000000
197.000000
197.000000
197.000000
197.000000
197.000000
197.000000
197.000000
197.000000
197.000000
197.000000
197.000000
197.000000
197.000000
197.000000
197.000000
197.000000
196.916672
197.000000
197.000000
197.000000
197.000000
197.000000
197.000000
197.000000
197.000000
251.899994
251.699997
251.555557
251.600006
252.100006
252.555557
252.699997
252.600006
252.699997
252.222229
197.000000
197.000000
197.000000
197.000000
197.000000
197.000000
197.000000
197.000000
197.000000
197.000000
197.000000
197.000000
197.000000
197.000000
197.000000
197.000000
197.000000
197.000000
197.000000
197.000000
197.000000
197.000000
197.000000
197.000000
197.000000
197.000000
197.000000
197.000000
197.000000
197.000000
197.000000
197.000000
197.000000
197.000000
197.000000
197.000000
197.000000
197.000000
196.750000
197.000000
197.000000
197.000000
197.000000
197.000000
197.000000
197.000000
197.000000
197.000000
197.000000
197.000000
197.000000
197.000000
197.000000
197.000000
197.000000
197.000000
197.000000
197.000000
197.000000
201.000000
252.000000
252.000000
251.800003
251.666672
251.699997
252.600006
252.555557
252.699997
252.600006
252.555557
197.000000
197.000000
197.000000
197.000000
197.000000
197.000000
197.000000
197.000000
197.000000
197.000000
197.000000
197.000000
197.000000
197.000000
197.000000
197.000000
197.000000
197.000000
197.000000
197.000000
197.000000
197.000000
197.000000
197.000000
197.000000
197.000000
197.000000
197.000000
197.000000
197.000000
197.000000
197.000000
197.000000
197.000000
197.000000
197.000000
197.000000
197.000000
197.000000
197.000000
197.000000
197.000000
197.000000
197.000000
197.000000
197.000000
197.000000
197.000000
197.000000
197.000000
197.000000
197.000000
196.666672
197.000000
197.000000
197.000000
197.000000
197.000000
197.000000
197.000000
197.000000
197.000000
197.000000
197.000000
197.000000
197.000000
197.000000
197.000000
197.000000
197.000000
251.800003
252.000000
252.555557
252.699997
252.699997
252.699997
252.666672
252.699997
252.600006
252.111115
197.000000
197.000000
197.000000
197.000000
197.000000
197.000000
197.000000
197.000000
197.000000
197.000000
197.000000
197.000000
197.000000
197.000000
197.000000
197.000000
197.000000
197.000000
197.000000
197.000000
197.000000
197.000000
197.000000
197.000000
197.000000
197.000000
197.000000
197.000000
197.000000
197.000000
197.000000
197.000000
197.000000
197.000000
197.000000
197.000000
197.000000
197.000000
197.000000
197.000000
197.000000
197.000000
197.000000
197.000000
197.000000
197.000000
197.000000
197.000000
197.000000
197.000000
197.000000
197.000000
197.000000
197.000000
197.000000
197.000000
196.615387
197.000000
197.000000
197.000000
197.000000
197.000000
197.000000
197.000000
197.000000
197.000000
197.000000
197.000000
197.000000
197.000000
252.699997
252.800003
252.666672
252.699997
252.600006
252.666672
252.699997
252.699997
252.666672
247.000000
197.000000
197.000000
197.000000
197.000000
197.000000
197.000000
197.000000
197.000000
197.000000
197.000000
197.000000
197.000000
197.000000
197.000000
197.000000
197.000000
197.000000
197.000000
197.000000
197.000000
197.000000
197.000000
197.000000
197.000000
197.000000
197.000000
197.000000
197.000000
197.000000
197.000000
197.000000
197.000000
197.000000
197.000000
197.000000
197.000000
197.000000
197.000000
197.000000
197.000000
197.000000
197.000000
197.000000
197.000000
197.000000
197.000000
197.000000
197.000000
197.000000
197.000000
197.000000
197.000000
197.000000
197.000000
197.000000
197.000000
197.000000
197.000000
197.000000
197.000000
196.692307
197.000000
197.000000
197.000000
197.000000
197.000000
197.000000
197.000000
197.000000
197.000000
251.699997
252.555557
252.600006
252.399994
252.777771
252.699997
252.600006
252.555557
252.600006
247.100006
197.000000
197.000000
197.000000
197.000000
197.000000
197.000000
197.000000
196.916672
197.000000
197.000000
197.000000
197.000000
197.000000
197.000000
197.000000
197.000000
197.000000
197.000000
197.000000
197.000000
197.000000
197.000000
197.000000
197.000000
197.000000
197.000000
197.000000
197.000000
197.000000
197.000000
197.000000
197.000000
197.000000
197.000000
197.000000
197.000000
197.000000
197.000000
197.000000
197.000000
197.000000
197.000000
197.000000
197.000000
197.000000
197.000000
197.000000
197.000000
197.000000
197.000000
197.000000
197.000000
197.000000
197.000000
197.000000
197.000000
197.000000
197.000000
197.000000
197.000000
197.000000
197.000000
197.000000
197.000000
196.615387
197.000000
197.000000
197.000000
197.000000
198.846161
251.777771
251.800003
252.399994
252.777771
252.699997
252.600006
252.888885
252.699997
252.600006
252.444443
197.000000
197.000000
197.000000
197.000000
197.000000
197.000000
197.000000
197.000000
197.000000
197.000000
197.000000
197.000000
197.000000
197.000000
197.000000
197.000000
197.000000
197.000000
197.000000
197.000000
197.000000
197.000000
197.000000
197.000000
197.000000
197.000000
197.000000
197.000000
197.000000
197.000000
197.000000
197.000000
197.000000
197.000000
197.000000
197.000000
197.000000
197.000000
197.000000
197.000000
197.000000
197.000000
197.000000
197.000000
197.000000
197.000000
197.000000
197.000000
197.000000
197.000000
197.000000
197.000000
197.000000
197.000000
197.000000
197.000000
197.000000
197.000000
197.000000
197.000000
197.000000
197.000000
197.000000
197.000000
197.000000
197.000000
197.000000
197.000000
196.666672
197.000000
252.000000
252.699997
252.777771
252.600006
252.699997
252.699997
252.666672
252.600006
252.699997
252.111115
197.000000
197.000000
197.000000
197.000000
197.000000
197.000000
197.000000
197.000000
197.000000
197.000000
197.000000
197.000000
197.000000
197.000000
197.000000
197.000000
197.000000
197.000000
197.000000
197.000000
197.000000
197.000000
197.000000
197.000000
197.000000
197.000000
197.000000
197.000000
197.000000
197.000000
197.000000
197.000000
197.000000
197.000000
197.000000
197.000000
197.000000
197.000000
197.000000
197.000000
197.000000
197.000000
197.000000
197.000000
197.000000
197.000000
197.000000
197.000000
197.000000
197.000000
197.000000
197.000000
197.000000
197.000000
197.000000
197.000000
197.000000
197.000000
197.000000
197.000000
197.000000
197.000000
197.000000
197.000000
197.000000
197.000000
197.000000
197.000000
197.000000
197.000000
252.199997
252.600006
251.777771
252.699997
252.699997
252.666672
252.699997
252.699997
252.777771
247.199997
197.000000
197.000000
197.000000
197.000000
197.000000
197.000000
197.000000
197.000000
197.000000
197.000000
197.000000
197.000000
197.000000
197.000000
197.000000
197.000000
197.000000
197.000000
197.000000
197.000000
197.000000
197.000000
197.000000
197.000000
196.923080
197.000000
197.000000
197.000000
197.000000
197.000000
197.000000
197.000000
197.000000
197.000000
197.000000
197.000000
197.000000
197.000000
197.000000
197.000000
197.000000
197.000000
197.000000
197.000000
197.000000
197.000000
197.000000
197.000000
197.000000
197.000000
197.000000
197.000000
197.000000
197.000000
197.000000
197.000000
197.000000
197.000000
197.000000
197.000000
197.000000
197.000000
197.000000
197.000000
197.000000
197.000000
197.000000
197.000000
197.000000
197.000000
251.600006
252.666672
252.699997
252.699997
252.555557
252.699997
251.800003
252.666672
252.699997
247.199997
197.000000
197.000000
197.000000
197.000000
197.000000
197.000000
197.000000
197.000000
197.000000
197.000000
197.000000
197.000000
197.000000
197.000000
197.000000
197.000000
197.000000
197.000000
197.000000
197.000000
197.000000
197.000000
197.000000
196.916672
197.000000
197.000000
197.000000
197.000000
197.000000
197.000000
197.000000
197.000000
197.000000
197.000000
197.000000
197.000000
197.000000
197.000000
197.000000
197.000000
197.000000
197.000000
197.000000
197.000000
197.000000
197.000000
197.000000
197.000000
197.000000
197.000000
197.000000
197.000000
197.000000
197.000000
197.000000
197.000000
197.000000
197.000000
197.000000
197.000000
197.000000
197.000000
197.000000
197.000000
197.000000
197.000000
197.000000
197.000000
197.000000
199.384613
251.666672
251.699997
251.899994
252.333328
252.699997
252.699997
252.666672
252.600006
252.600006
252.444443
196.692307
197.000000
197.000000
197.000000
197.000000
197.000000
197.000000
197.000000
197.000000
197.000000
197.000000
197.000000
197.000000
197.000000
197.000000
197.000000
197.000000
197.000000
197.000000
197.000000
197.000000
197.000000
197.000000
197.000000
197.000000
197.000000
197.000000
197.000000
197.000000
197.000000
197.000000
197.000000
197.000000
197.000000
197.000000
197.000000
197.000000
197.000000
197.000000
197.000000
197.000000
197.000000
197.000000
197.000000
197.000000
197.000000
197.000000
197.000000
197.000000
197.000000
197.000000
197.000000
197.000000
197.000000
197.000000
197.000000
197.000000
197.000000
197.000000
197.000000
197.000000
197.000000
197.000000
197.000000
197.000000
197.000000
197.000000
197.000000
197.000000
197.000000
251.600006
252.300003
252.555557
252.600006
252.800003
252.699997
252.666672
252.699997
252.699997
252.222229
197.000000
197.000000
197.000000
197.000000
196.666672
197.000000
197.000000
197.000000
197.000000
197.000000
197.000000
197.000000
197.000000
197.000000
197.000000
197.000000
197.000000
197.000000
197.000000
197.000000
197.000000
197.000000
197.000000
197.000000
197.000000
197.000000
197.000000
197.000000
197.000000
197.000000
197.000000
197.000000
197.000000
197.000000
197.000000
197.000000
197.000000
197.000000
197.000000
197.000000
197.000000
197.000000
197.000000
197.000000
197.000000
197.000000
197.000000
197.000000
197.000000
197.000000
197.000000
197.000000
197.000000
197.000000
197.000000
197.000000
197.000000
197.000000
197.000000
197.000000
197.000000
197.000000
197.000000
197.000000
197.000000
197.000000
197.000000
197.000000
197.000000
197.000000
197.000000
197.000000
197.000000
197.000000
197.000000
197.000000
197.000000
197.000000
197.000000
197.000000
197.000000
197.000000
197.000000
197.000000
197.000000
197.000000
197.000000
197.000000
197.000000
196.666672
198.583328
198.666672
197.833328
197.000000
197.000000
197.000000
197.000000
197.000000
197.000000
197.000000
196.916672
197.000000
197.000000
197.000000
197.000000
197.000000
197.000000
197.000000
197.000000
197.000000
197.000000
197.000000
197.000000
197.000000
197.000000
197.000000
197.000000
197.000000
197.000000
197.000000
197.000000
197.000000
197.000000
197.000000
197.000000
197.000000
197.000000
197.000000
197.000000
197.000000
197.000000
197.000000
197.000000
197.000000
197.000000
197.000000
197.000000
197.000000
197.000000
197.000000
197.000000
197.000000
197.000000
197.000000
197.000000
197.000000
197.000000
197.000000
197.000000
197.000000
197.000000
197.000000
197.000000
197.000000
197.000000
197.000000
197.000000
197.000000
197.000000
197.000000
197.000000
197.000000
196.153839
196.000000
196.000000
196.000000
196.000000
196.000000
196.000000
196.000000
196.000000
196.000000
196.000000
196.000000
196.000000
196.000000
196.000000
196.000000
196.000000
196.000000
196.000000
196.000000
196.000000
196.000000
196.000000
196.000000
196.000000
196.000000
196.000000
196.000000
196.000000
196.000000
196.000000
196.000000
196.000000
196.000000
196.000000
196.000000
196.000000
196.000000
196.000000
196.000000
196.000000
196.000000
196.000000
196.000000
196.000000
196.000000
196.000000
196.000000
196.000000
196.000000
196.000000
196.000000
196.000000
196.000000
196.000000
196.000000
196.000000
196.000000
196.000000
196.000000
196.000000
196.000000
196.000000
196.000000
196.000000
196.000000
196.000000
196.000000
196.000000
196.000000
196.000000
196.000000
196.000000
196.000000
196.000000
196.000000
196.000000
196.000000
196.000000
196.000000
196.000000
196.000000
196.000000
196.000000
196.000000
